-0.02549 2.70587 2.85446
0.304863 3.45447 4.11311
1.04989 3.83011 4.07673
3.19152 2.76925 3.21807
0.534833 2.3742 3.79399
1.11498 2.02346 3.35174
2.78103 3.98621 3.18214
0.96252 1.86256 2.91893
1.17918 5.24336 4.25351
0.431072 4.81276 3.72155
0.177047 2.96648 2.11438
-0.569171 4.87853 2.58401
-0.0943249 0.679005 1.57303
1.14835 4.78571 3.06395
0.34363 5.73728 3.06716
-0.0672527 3.63305 2.4569
0.0771636 2.81507 2.04411
3.04567 3.05651 1.76322
1.90777 2.40936 0.810528
2.37568 3.37542 3.64846
1.10897 4.37514 3.08344
2.69629 4.04561 3.6456
3.40337 2.31889 3.47781
0.330889 1.50239 3.72758
2.75488 1.41916 1.6157
-0.585031 2.01138 1.70331
-0.190643 2.38344 3.73083
1.99744 2.6062 2.09102
0.35859 2.48021 5.10477
0.486782 4.02756 0.711095
1.74465 4.39372 3.3852
0.677767 3.41023 1.14239
-0.525649 3.00832 3.56541
2.48516 2.81326 0.530945
1.70979 5.64954 2.40285
2.80519 1.7792 1.58889
0.799627 4.22803 3.26167
-0.131119 2.94434 4.1331
1.78667 2.45496 3.90443
1.89965 3.27471 4.06838
-1.77835 3.58678 3.53139
1.05616 2.00316 3.19147
1.8855 2.70873 4.97777
1.36002 0.904141 1.16352
1.91558 4.58497 2.28588
-0.978004 3.43122 2.77664
1.85134 2.33063 2.56734
-0.331778 3.39867 1.01644
1.07869 1.83093 1.96635
1.05267 3.26083 1.92781
0.217877 2.78059 3.86917
1.41421 3.20037 1.90415
0.164421 1.9606 2.98582
2.47079 1.67191 2.95604
0.554913 5.70811 1.86843
1.7646 3.00032 0.681133
1.55845 3.9884 1.35597
0.143622 4.7202 3.74298
0.578382 2.50217 1.77974
-0.0382308 3.05333 3.35361
1.29766 4.34513 2.80352
2.71619 0.993422 3.10076
-0.989779 4.14236 3.50349
0.207209 2.67686 3.87465
3.54543 3.85103 3.69556
-1.77399 2.33783 3.41026
2.0997 3.04952 1.47754
0.396052 0.389763 3.48884
2.09673 3.22647 1.94291
0.768074 2.865 3.98876
2.5737 2.62564 1.84354
1.43871 3.50354 4.21942
0.116039 3.42897 2.34751
0.734887 2.11805 1.42875
1.59794 4.08325 3.46523
3.72234 3.60431 3.68545
0.472554 3.58751 2.09748
-1.17281 3.62801 3.81173
3.71706 4.11976 2.63534
0.779631 4.13391 1.41277
1.78843 3.08159 4.35381
1.59749 1.704 3.34479
1.61378 3.322 1.63201
1.36879 2.74407 4.43577
1.52484 1.43674 3.17968
-0.885348 2.73397 3.52551
1.78749 2.19425 3.55632
0.486126 3.51116 4.27405
0.967898 4.93078 5.00364
1.13758 4.10683 2.89871
2.26029 5.16121 3.70462
0.978409 2.64169 2.022
2.87611 4.49191 3.13282
1.84314 0.260794 3.59735
0.312432 2.95288 3.88618
1.09641 1.03801 1.77735
2.07824 1.12413 2.69332
0.95135 1.75889 1.29748
2.71971 3.84019 3.84807
0.820452 0.459177 3.26782
1.62271 2.137 2.83674
1.76897 3.00821 1.25342
2.54538 2.89189 1.80046
1.32966 3.54896 2.05763
2.24476 4.57371 4.50349
2.37175 2.43343 3.42819
-0.577387 2.40172 4.97912
2.78509 3.50866 3.21766
2.11941 0.947312 3.3424
-1.48015 3.57816 4.02404
2.84763 1.13068 3.88959
